# cool                       heat                          temp                t1
8.278613361782066974e-31 2.000000000000000077e-26 1.294999999999999929e+01 1.000000000000000000e+01
9.844380832689267070e-31 2.000000000000000077e-26 1.325164425003576518e+01 1.023292992280754099e+01
1.166327629550732520e-30 2.000000000000000077e-26 1.356031469725914995e+01 1.047128548050899610e+01
1.376862155329740450e-30 2.000000000000000077e-26 1.387617500282700433e+01 1.071519305237606545e+01
1.619696578639223819e-30 2.000000000000000077e-26 1.419939264005424739e+01 1.096478196143185180e+01
1.898824913326440881e-30 2.000000000000000077e-26 1.453013898321042774e+01 1.122018454301963608e+01
2.218595833160899131e-30 2.000000000000000077e-26 1.486858939838463201e+01 1.148153621496882870e+01
2.583727263795530249e-30 2.000000000000000077e-26 1.521492333646690831e+01 1.174897554939529698e+01
2.999319827177121847e-30 2.000000000000000077e-26 1.556932442829549856e+01 1.202264434617413080e+01
3.470868968213012010e-30 2.000000000000000077e-26 1.593198058202034417e+01 1.230268770812381796e+01
4.004275601109129047e-30 2.000000000000000077e-26 1.630308408273446830e+01 1.258925411794167459e+01
4.605855122707162917e-30 2.000000000000000077e-26 1.668283169442608838e+01 1.288249551693134265e+01
5.282344652230209806e-30 2.000000000000000077e-26 1.707142476430547617e+01 1.318256738556407370e+01
6.040908370923293141e-30 2.000000000000000077e-26 1.746906932956190772e+01 1.348962882591653312e+01
6.889140850939442223e-30 2.000000000000000077e-26 1.787597622660736363e+01 1.380384264602885303e+01
7.835068280235548721e-30 2.000000000000000077e-26 1.829236120286466516e+01 1.412537544622754027e+01
8.887147508946710843e-30 2.000000000000000077e-26 1.871844503115975655e+01 1.445439770745927177e+01
1.005426286241972482e-29 2.000000000000000077e-26 1.915445362677828101e+01 1.479108388168207178e+01
1.134572068652215160e-29 2.000000000000000077e-26 1.960061816724889283e+01 1.513561248436207940e+01
1.277124161170031851e-29 2.000000000000000077e-26 2.005717521491662936e+01 1.548816618912481147e+01
1.434095054324654691e-29 2.000000000000000077e-26 2.052436684237141762e+01 1.584893192461113287e+01
1.606536440606044242e-29 2.000000000000000077e-26 2.100244076079814093e+01 1.621810097358929781e+01
1.795537769257263280e-29 2.000000000000000077e-26 2.149165045131640994e+01 1.659586907437560654e+01
2.002224588217779488e-29 2.000000000000000077e-26 2.199225529937958967e+01 1.698243652461744446e+01
2.227756681925459900e-29 2.000000000000000077e-26 2.250452073230440675e+01 1.737800828749375270e+01
2.473326015440976352e-29 2.000000000000000077e-26 2.302871836000404926e+01 1.778279410038922848e+01
2.740154496977985835e-29 2.000000000000000077e-26 2.356512611899928444e+01 1.819700858609983385e+01
3.029491572388902269e-29 2.000000000000000077e-26 2.411402841978413392e+01 1.862087136662867692e+01
3.342611666455576280e-29 2.000000000000000077e-26 2.467571629762405294e+01 1.905460717963247319e+01
3.680811486956150538e-29 2.000000000000000077e-26 2.525048756686668838e+01 1.949844599758045405e+01
4.045407208415927856e-29 2.000000000000000077e-26 2.583864697884699169e+01 1.995262314968879735e+01
4.437731553196606298e-29 2.000000000000000077e-26 2.644050638347040660e+01 2.041737944669529625e+01
4.859130788132951913e-29 2.000000000000000077e-26 2.705638489455981244e+01 2.089296130854039646e+01
5.310961655289596742e-29 2.000000000000000077e-26 2.768660905905390734e+01 2.137962089502232388e+01
5.794588255586910113e-29 2.000000000000000077e-26 2.833151303014670930e+01 2.187761623949553069e+01
6.311378904039477753e-29 2.000000000000000077e-26 2.899143874446000169e+01 2.238721138568340052e+01
6.862702975171330684e-29 2.000000000000000077e-26 2.966673610334265021e+01 2.290867652767772356e+01
7.449927756829150778e-29 2.000000000000000077e-26 3.035776315839299500e+01 2.344228815319922532e+01
8.074415330118246857e-29 2.000000000000000077e-26 3.106488630130239414e+01 2.398832919019490006e+01
8.737519492551032956e-29 2.000000000000000077e-26 3.178848045812115330e+01 2.454708915685031201e+01
9.440582740734077524e-29 2.000000000000000077e-26 3.252892928804905637e+01 2.511886431509579509e+01
1.018493332804688542e-28 2.000000000000000077e-26 3.328662538685679806e+01 2.570395782768864734e+01
1.097188241179224047e-28 2.000000000000000077e-26 3.406197049504518759e+01 2.630267991895381385e+01
1.180272130324608819e-28 2.000000000000000077e-26 3.485537571085355069e+01 2.691534803926915487e+01
1.267871883291235111e-28 2.000000000000000077e-26 3.566726170822924757e+01 2.754228703338166184e+01
1.360111884211687326e-28 2.000000000000000077e-26 3.649805895987466897e+01 2.818382931264453362e+01
1.457113781086355772e-28 2.000000000000000077e-26 3.734820796548954291e+01 2.884031503126605855e+01
1.558996263064188457e-28 2.000000000000000077e-26 3.821815948532969287e+01 2.951209226666385632e+01
1.665874852963140351e-28 2.000000000000000077e-26 3.910837477920610894e+01 3.019951720402016093e+01
1.777861715650602737e-28 2.000000000000000077e-26 4.001932585105099349e+01 3.090295432513590512e+01
1.895065482781332364e-28 2.000000000000000077e-26 4.095149569918051213e+01 3.162277660168379256e+01
2.017591094269947610e-28 2.000000000000000077e-26 4.190537857238685859e+01 3.235936569296282528e+01
2.145539656758083417e-28 2.000000000000000077e-26 4.288148023199554615e+01 3.311311214825911264e+01
2.279008319223468016e-28 2.000000000000000077e-26 4.388031822002672300e+01 3.388441561392025392e+01
2.418090165770394782e-28 2.000000000000000077e-26 4.490242213360284751e+01 3.467368504525316553e+01
2.562874125538804772e-28 2.000000000000000077e-26 4.594833390574802223e+01 3.548133892335754780e+01
2.713444899573132791e-28 2.000000000000000077e-26 4.701860809272812958e+01 3.630780547701014171e+01
2.869882904402469453e-28 2.000000000000000077e-26 4.811381216808384664e+01 3.715352290971726035e+01
3.032264232000934161e-28 2.000000000000000077e-26 4.923452682351268095e+01 3.801893963205612437e+01
3.200660625721516546e-28 2.000000000000000077e-26 5.038134627675931654e+01 3.890451449942804629e+01
3.375139471728364119e-28 2.000000000000000077e-26 5.155487858667790135e+01 3.981071705534973404e+01
3.555763805391239439e-28 2.000000000000000077e-26 5.275574597563257839e+01 4.073802778041125805e+01
3.742592332052396104e-28 2.000000000000000077e-26 5.398458515940844649e+01 4.168693834703355350e+01
3.935679461529072415e-28 2.000000000000000077e-26 5.524204768480623073e+01 4.265795188015925277e+01
4.135075355675752218e-28 2.000000000000000077e-26 5.652880027510150995e+01 4.365158322401661195e+01
4.340825988297095527e-28 2.000000000000000077e-26 5.784552518354971085e+01 4.466835921509630225e+01
4.552973216676862147e-28 2.000000000000000077e-26 5.919292055512632800e+01 4.570881896148751622e+01
4.771554863967808228e-28 2.000000000000000077e-26 6.057170079669214857e+01 4.677351412871981040e+01
4.996604811674266180e-28 2.000000000000000077e-26 6.198259695578168049e+01 4.786300923226384896e+01
5.228153101450412840e-28 2.000000000000000077e-26 6.342635710821376449e+01 4.897788193684461078e+01
5.466226045434942957e-28 2.000000000000000077e-26 6.490374675473178456e+01 5.011872336272725192e+01
5.710846344344253817e-28 2.000000000000000077e-26 6.641554922688173690e+01 5.128613839913648320e+01
5.962033212553488734e-28 2.000000000000000077e-26 6.796256610234554785e+01 5.248074602497725749e+01
6.219802509404766163e-28 2.000000000000000077e-26 6.954561762994772778e+01 5.370317963702527209e+01
6.484166875996940441e-28 2.000000000000000077e-26 7.116554316456237927e+01 5.495408738576245611e+01
6.755135876728494272e-28 2.000000000000000077e-26 7.282320161215019994e+01 5.623413251903490817e+01
7.032716144886200052e-28 2.000000000000000077e-26 7.451947188516182052e+01 5.754399373371569482e+01
7.316911531595203396e-28 2.000000000000000077e-26 7.625525336854876457e+01 5.888436553555889930e+01
7.607723257471889886e-28 2.000000000000000077e-26 7.803146639662932671e+01 6.025595860743577958e+01
7.905150066348050314e-28 2.000000000000000077e-26 7.984905274106193929e+01 6.165950018614822170e+01
8.209188380463985187e-28 2.000000000000000077e-26 8.170897611018502005e+01 6.309573444801932851e+01
8.519832456558083299e-28 2.000000000000000077e-26 8.361222265998789283e+01 6.456542290346556001e+01
8.837074542311703235e-28 2.000000000000000077e-26 8.555980151698368275e+01 6.606934480075960892e+01
9.160905032639733575e-28 2.000000000000000077e-26 8.755274531326165288e+01 6.760829753919819041e+01
9.491312625349468372e-28 2.000000000000000077e-26 8.959211073400224734e+01 6.918309709189362877e+01
9.828284475722677364e-28 2.000000000000000077e-26 9.167897907774587907e+01 7.079457843841380793e+01
1.017180634960790713e-27 2.000000000000000077e-26 9.381445682971117606e+01 7.244359600749898220e+01
1.052186277464245014e-27 2.000000000000000077e-26 9.599967624846884462e+01 7.413102413009177383e+01
1.087843718925437540e-27 2.000000000000000077e-26 9.823579596627926946e+01 7.585775750291836061e+01
1.124151208912689508e-27 2.000000000000000077e-26 1.005240016034156127e+02 7.762471166286920266e+01
1.161106917083667842e-27 2.000000000000000077e-26 1.028655063967944301e+02 7.943282347242814012e+01
1.198708947240842839e-27 2.000000000000000077e-26 1.052615518432508850e+02 8.128305161640994925e+01
1.236955351055523901e-27 2.000000000000000077e-26 1.077134083577958705e+02 8.317637711026708303e+01
1.275844141440326571e-27 2.000000000000000077e-26 1.102223759472077802e+02 8.511380382023767766e+01
1.315373305552435221e-27 2.000000000000000077e-26 1.127897848993124228e+02 8.709635899560805683e+01
1.355540817412680196e-27 2.000000000000000077e-26 1.154169964883200947e+02 8.912509381337459047e+01
1.396344650127751090e-27 2.000000000000000077e-26 1.181054036965903009e+02 9.120108393559097237e+01
1.437782787705271874e-27 2.000000000000000077e-26 1.208564319532103326e+02 9.332543007969910320e+01
1.479853236453518428e-27 2.000000000000000077e-26 1.236715398897759286e+02 9.549925860214358408e+01
1.522554035959698498e-27 2.000000000000000077e-26 1.265522201137774800e+02 9.772372209558106704e+01
1.565883269642560673e-27 2.000000000000000077e-26 1.295000000000000000e+02 1.000000000000000000e+02
1.609839074876929237e-27 2.000000000000000077e-26 1.325164425003575843e+02 1.023292992280753566e+02
1.654419652689414072e-27 2.000000000000000077e-26 1.356031469725915031e+02 1.047128548050899610e+02
1.699623277026066515e-27 2.000000000000000077e-26 1.387617500282700860e+02 1.071519305237606972e+02
1.745448303594238696e-27 2.000000000000000077e-26 1.419939264005424491e+02 1.096478196143185073e+02
1.791893178282134463e-27 2.000000000000000077e-26 1.453013898321042063e+02 1.122018454301963004e+02
1.838956445160782521e-27 2.000000000000000077e-26 1.486858939838463129e+02 1.148153621496882835e+02
1.886636754074231940e-27 2.000000000000000077e-26 1.521492333646691577e+02 1.174897554939530266e+02
1.934932867824757066e-27 2.000000000000000077e-26 1.556932442829549927e+02 1.202264434617413116e+02
1.983843668960728271e-27 2.000000000000000077e-26 1.593198058202033565e+02 1.230268770812381121e+02
2.033368166175571215e-27 2.000000000000000077e-26 1.630308408273446901e+02 1.258925411794167530e+02
2.083505500326950813e-27 2.000000000000000077e-26 1.668283169442609619e+02 1.288249551693134833e+02
2.134254950085918063e-27 2.000000000000000077e-26 1.707142476430547333e+02 1.318256738556407299e+02
2.185615937226246479e-27 2.000000000000000077e-26 1.746906932956190701e+02 1.348962882591653170e+02
2.237588031564641170e-27 2.000000000000000077e-26 1.787597622660736363e+02 1.380384264602885196e+02
2.290170955562867388e-27 2.000000000000000077e-26 1.829236120286468008e+02 1.412537544622755377e+02
2.343364588603166037e-27 2.000000000000000077e-26 1.871844503115976579e+02 1.445439770745927888e+02
2.397168970948499811e-27 2.000000000000000077e-26 1.915445362677828314e+02 1.479108388168207284e+02
2.451584307399400324e-27 2.000000000000000077e-26 1.960061816724887933e+02 1.513561248436207052e+02
2.506610970659283805e-27 2.000000000000000077e-26 2.005717521491662865e+02 1.548816618912481147e+02
2.562249504420140639e-27 2.000000000000000077e-26 2.052436684237142686e+02 1.584893192461114211e+02
2.618500626180600468e-27 2.000000000000000077e-26 2.100244076079814022e+02 1.621810097358929852e+02
2.675365229808263795e-27 2.000000000000000077e-26 2.149165045131639715e+02 1.659586907437559660e+02
2.732844387858165489e-27 2.000000000000000077e-26 2.199225529937958754e+02 1.698243652461744375e+02
2.790939353659147036e-27 2.000000000000000077e-26 2.250452073230441954e+02 1.737800828749376194e+02
2.849651563179773744e-27 2.000000000000000077e-26 2.302871836000404926e+02 1.778279410038922776e+02
2.908982636685276677e-27 2.000000000000000077e-26 2.356512611899927379e+02 1.819700858609982674e+02
2.968934380196780665e-27 2.000000000000000077e-26 2.411402841978413107e+02 1.862087136662867408e+02
3.029508786763929400e-27 2.000000000000000077e-26 2.467571629762406644e+02 1.905460717963248385e+02
3.090708037561744567e-27 2.000000000000000077e-26 2.525048756686668980e+02 1.949844599758045547e+02
3.152534502822347535e-27 2.000000000000000077e-26 2.583864697884698103e+02 1.995262314968878741e+02
3.214990742611857518e-27 2.000000000000000077e-26 2.644050638347040376e+02 2.041737944669529554e+02
3.278079507462549824e-27 2.000000000000000077e-26 2.705638489455982381e+02 2.089296130854040712e+02
3.341803738870095206e-27 2.000000000000000077e-26 2.768660905905391019e+02 2.137962089502232459e+02
3.406166569665340795e-27 2.000000000000000077e-26 2.833151303014669224e+02 2.187761623949551790e+02
3.471171324269858158e-27 2.000000000000000077e-26 2.899143874446000382e+02 2.238721138568340052e+02
3.536821518844116639e-27 2.000000000000000077e-26 2.966673610334268005e+02 2.290867652767774700e+02
3.603120861336934625e-27 2.000000000000000077e-26 3.035776315839299855e+02 2.344228815319922603e+02
3.670073251444441987e-27 2.000000000000000077e-26 3.106488630130239130e+02 2.398832919019489793e+02
3.737682780486536951e-27 2.000000000000000077e-26 3.178848045812114833e+02 2.454708915685031059e+02
3.805953731208492008e-27 2.000000000000000077e-26 3.252892928804909047e+02 2.511886431509582280e+02
3.874890577515091583e-27 2.000000000000000077e-26 3.328662538685679237e+02 2.570395782768864592e+02
3.944497984144347699e-27 2.000000000000000077e-26 3.406197049504519327e+02 2.630267991895381670e+02
4.014780806287498321e-27 2.000000000000000077e-26 3.485537571085353079e+02 2.691534803926913924e+02
4.085744089161811589e-27 2.000000000000000077e-26 3.566726170822925042e+02 2.754228703338166042e+02
4.157393067542290074e-27 2.000000000000000077e-26 3.649805895987468602e+02 2.818382931264454783e+02
4.229733165258207068e-27 2.000000000000000077e-26 3.734820796548954149e+02 2.884031503126605571e+02
4.302769994660045291e-27 2.000000000000000077e-26 3.821815948532967582e+02 2.951209226666384211e+02
4.376509356062136505e-27 2.000000000000000077e-26 3.910837477920611036e+02 3.019951720402016235e+02
4.450957237166078090e-27 2.000000000000000077e-26 4.001932585105101339e+02 3.090295432513592004e+02
4.526119812469731447e-27 2.000000000000000077e-26 4.095149569918051498e+02 3.162277660168379612e+02
4.602003442666315804e-27 2.000000000000000077e-26 4.190537857238683159e+02 3.235936569296280823e+02
4.678614674037903636e-27 2.000000000000000077e-26 4.288148023199554473e+02 3.311311214825910838e+02
4.755960237847352021e-27 2.000000000000000077e-26 4.388031822002675426e+02 3.388441561392027666e+02
4.834047049732551398e-27 2.000000000000000077e-26 4.490242213360284609e+02 3.467368504525316553e+02
4.912882209106548216e-27 2.000000000000000077e-26 4.594833390574800092e+02 3.548133892335753217e+02
4.992472998566942969e-27 2.000000000000000077e-26 4.701860809272812958e+02 3.630780547701014029e+02
5.072826883317748432e-27 2.000000000000000077e-26 4.811381216808387080e+02 3.715352290971727598e+02
5.153951510606725782e-27 2.000000000000000077e-26 4.923452682351268663e+02 3.801893963205612863e+02
5.235854709180971573e-27 2.000000000000000077e-26 5.038134627675931938e+02 3.890451449942804629e+02
5.318544488763360706e-27 2.000000000000000077e-26 5.155487858667789851e+02 3.981071705534973262e+02
5.402029039552301259e-27 2.000000000000000077e-26 5.275574597563263524e+02 4.073802778041130068e+02
5.486316731747104973e-27 2.000000000000000077e-26 5.398458515940844791e+02 4.168693834703354923e+02
5.571416115101055453e-27 2.000000000000000077e-26 5.524204768480623216e+02 4.265795188015925419e+02
5.657335918504136377e-27 2.000000000000000077e-26 5.652880027510150285e+02 4.365158322401661053e+02
5.744085049597260707e-27 2.000000000000000077e-26 5.784552518354976200e+02 4.466835921509634773e+02
5.831672594419684808e-27 2.000000000000000077e-26 5.919292055512634079e+02 4.570881896148752048e+02
5.920107817091157179e-27 2.000000000000000077e-26 6.057170079669215284e+02 4.677351412871981324e+02
6.009400159530210924e-27 2.000000000000000077e-26 6.198259695578161654e+02 4.786300923226380064e+02
6.099559241209944464e-27 2.000000000000000077e-26 6.342635710821376733e+02 4.897788193684461362e+02
6.190594858952449931e-27 2.000000000000000077e-26 6.490374675473177604e+02 5.011872336272724624e+02
6.282516986763038621e-27 2.000000000000000077e-26 6.641554922688173974e+02 5.128613839913648462e+02
6.375335775705217010e-27 2.000000000000000077e-26 6.796256610234549953e+02 5.248074602497722481e+02
6.469061553817327384e-27 2.000000000000000077e-26 6.954561762994771925e+02 5.370317963702526640e+02
6.563704826071660241e-27 2.000000000000000077e-26 7.116554316456240485e+02 5.495408738576247742e+02
6.659276274376788200e-27 2.000000000000000077e-26 7.282320161215019425e+02 5.623413251903490391e+02
6.755786757623776479e-27 2.000000000000000077e-26 7.451947188516177221e+02 5.754399373371566071e+02
6.853247311776823090e-27 2.000000000000000077e-26 7.625525336854877878e+02 5.888436553555890214e+02
6.951669150008845345e-27 2.000000000000000077e-26 7.803146639662936650e+02 6.025595860743580943e+02
7.051063662882519180e-27 2.000000000000000077e-26 7.984905274106193929e+02 6.165950018614821602e+02
7.151442418577081271e-27 2.000000000000000077e-26 8.170897611018499447e+02 6.309573444801930009e+02
7.252817163161269862e-27 2.000000000000000077e-26 8.361222265998788998e+02 6.456542290346556001e+02
7.355199820912694182e-27 2.000000000000000077e-26 8.555980151698373675e+02 6.606934480075964302e+02
7.458602494683836211e-27 2.000000000000000077e-26 8.755274531326165288e+02 6.760829753919819041e+02
7.563037466314935890e-27 2.000000000000000077e-26 8.959211073400224450e+02 6.918309709189362593e+02
7.668517197093830107e-27 2.000000000000000077e-26 9.167897907774587338e+02 7.079457843841380509e+02
7.775054328262911901e-27 2.000000000000000077e-26 9.381445682971127553e+02 7.244359600749905894e+02
7.882661681573291670e-27 2.000000000000000077e-26 9.599967624846883609e+02 7.413102413009177099e+02
7.991352259886203448e-27 2.000000000000000077e-26 9.823579596627926094e+02 7.585775750291835493e+02
8.101139247821650486e-27 2.000000000000000077e-26 1.005240016034156042e+03 7.762471166286919697e+02
8.212036012454294473e-27 2.000000000000000077e-26 1.028655063967945352e+03 7.943282347242821970e+02
8.324056104056589795e-27 2.000000000000000077e-26 1.052615518432508907e+03 8.128305161640995493e+02
8.437213256889118392e-27 2.000000000000000077e-26 1.077134083577958563e+03 8.317637711026708303e+02
8.551521390037955845e-27 2.000000000000000077e-26 1.102223759472076836e+03 8.511380382023759239e+02
8.666994608299127570e-27 2.000000000000000077e-26 1.127897848993124171e+03 8.709635899560805683e+02
8.783647203109931229e-27 2.000000000000000077e-26 1.154169964883200919e+03 8.912509381337458763e+02
8.901493653527111048e-27 2.000000000000000077e-26 1.181054036965902924e+03 9.120108393559096385e+02
9.020548627251704638e-27 2.000000000000000077e-26 1.208564319532102672e+03 9.332543007969904920e+02
9.140826981700426030e-27 2.000000000000000077e-26 1.236715398897759542e+03 9.549925860214359545e+02
9.262343765123454331e-27 2.000000000000000077e-26 1.265522201137775482e+03 9.772372209558111535e+02
9.385114217768527558e-27 2.000000000000000077e-26 1.295000000000000000e+03 1.000000000000000000e+03
9.509153773091133587e-27 2.000000000000000077e-26 1.325164425003577207e+03 1.023292992280754675e+03
9.634478059010605937e-27 2.000000000000000077e-26 1.356031469725914803e+03 1.047128548050899553e+03
9.761102899212141607e-27 2.000000000000000077e-26 1.387617500282701030e+03 1.071519305237607114e+03
9.889044314494326264e-27 2.000000000000000077e-26 1.419939264005424775e+03 1.096478196143185187e+03
1.001831852416226438e-26 2.000000000000000077e-26 1.453013898321042007e+03 1.122018454301962947e+03
1.014894194746598425e-26 2.000000000000000077e-26 1.486858939838463129e+03 1.148153621496882806e+03
1.028093120508401461e-26 2.000000000000000077e-26 1.521492333646689985e+03 1.174897554939529073e+03
1.041430312065206252e-26 2.000000000000000077e-26 1.556932442829549927e+03 1.202264434617413144e+03
1.054907472233652417e-26 2.000000000000000077e-26 1.593198058202033280e+03 1.230268770812381035e+03
1.068526324445286028e-26 2.000000000000000077e-26 1.630308408273446958e+03 1.258925411794167530e+03
1.082288612912856466e-26 2.000000000000000077e-26 1.668283169442607914e+03 1.288249551693133526e+03
1.096196102801093857e-26 2.000000000000000077e-26 1.707142476430547731e+03 1.318256738556407527e+03
1.110250580401939811e-26 2.000000000000000077e-26 1.746906932956190758e+03 1.348962882591653170e+03
1.124453853314284263e-26 2.000000000000000077e-26 1.787597622660736306e+03 1.380384264602885196e+03
1.138807750628216897e-26 2.000000000000000077e-26 1.829236120286466303e+03 1.412537544622754012e+03
1.153314123113916834e-26 2.000000000000000077e-26 1.871844503115976522e+03 1.445439770745927945e+03
1.167974843415311880e-26 2.000000000000000077e-26 1.915445362677828371e+03 1.479108388168207284e+03
1.182791806248837376e-26 2.000000000000000077e-26 1.960061816724890150e+03 1.513561248436208643e+03
1.197766928607806335e-26 2.000000000000000077e-26 2.005717521491662865e+03 1.548816618912481090e+03
1.212902149973350556e-26 2.000000000000000077e-26 2.052436684237142345e+03 1.584893192461114040e+03
1.228199432533552889e-26 2.000000000000000077e-26 2.100244076079814022e+03 1.621810097358929852e+03
1.243660761413616830e-26 2.000000000000000077e-26 2.149165045131641818e+03 1.659586907437561422e+03
1.259288144921894684e-26 2.000000000000000077e-26 2.199225529937958527e+03 1.698243652461744205e+03
1.275083614820038173e-26 2.000000000000000077e-26 2.250452073230442238e+03 1.737800828749376251e+03
1.291049226631172390e-26 2.000000000000000077e-26 2.302871836000404983e+03 1.778279410038922833e+03
1.307187060009477854e-26 2.000000000000000077e-26 2.356512611899929652e+03 1.819700858609984380e+03
1.323499219210089209e-26 2.000000000000000077e-26 2.411402841978413562e+03 1.862087136662867579e+03
1.339987833723753263e-26 2.000000000000000077e-26 2.467571629762406246e+03 1.905460717963248271e+03
1.356655059182084335e-26 2.000000000000000077e-26 2.525048756686668639e+03 1.949844599758045433e+03
1.373503078706144978e-26 2.000000000000000077e-26 2.583864697884700490e+03 1.995262314968880901e+03
1.390534104978090052e-26 2.000000000000000077e-26 2.644050638347040604e+03 2.041737944669529497e+03
1.407750383485800315e-26 2.000000000000000077e-26 2.705638489455980107e+03 2.089296130854038893e+03
1.425154197658719700e-26 2.000000000000000077e-26 2.768660905905391246e+03 2.137962089502232629e+03
1.442747877033111716e-26 2.000000000000000077e-26 2.833151303014669338e+03 2.187761623949551904e+03
1.460533810237115313e-26 2.000000000000000077e-26 2.899143874446000154e+03 2.238721138568339939e+03
1.478514465590816460e-26 2.000000000000000077e-26 2.966673610334265504e+03 2.290867652767772597e+03
1.496692423652710960e-26 2.000000000000000077e-26 3.035776315839299969e+03 2.344228815319922887e+03
1.515070428373443298e-26 2.000000000000000077e-26 3.106488630130239471e+03 2.398832919019489964e+03
1.533651467022535694e-26 2.000000000000000077e-26 3.178848045812115288e+03 2.454708915685031116e+03
1.552438894284169023e-26 2.000000000000000077e-26 3.252892928804905750e+03 2.511886431509579779e+03
1.571436623660897817e-26 2.000000000000000077e-26 3.328662538685679465e+03 2.570395782768864592e+03
1.590649420692869593e-26 2.000000000000000077e-26 3.406197049504518418e+03 2.630267991895381329e+03
1.610083349056807448e-26 2.000000000000000077e-26 3.485537571085356831e+03 2.691534803926916538e+03
1.629746444522993237e-26 2.000000000000000077e-26 3.566726170822925269e+03 2.754228703338166270e+03
1.649649726004749094e-26 2.000000000000000077e-26 3.649805895987468830e+03 2.818382931264454783e+03
1.669808701599551169e-26 2.000000000000000077e-26 3.734820796548954604e+03 2.884031503126605912e+03
1.690245596079347437e-26 2.000000000000000077e-26 3.821815948532971106e+03 2.951209226666387167e+03
1.710992622064944312e-26 2.000000000000000077e-26 3.910837477920611036e+03 3.019951720402016235e+03
1.732096749799147218e-26 2.000000000000000077e-26 4.001932585105101225e+03 3.090295432513592004e+03
1.753626612684335049e-26 2.000000000000000077e-26 4.095149569918051384e+03 3.162277660168379498e+03
1.775682433973314985e-26 2.000000000000000077e-26 4.190537857238688048e+03 3.235936569296284233e+03
1.798410195202684362e-26 2.000000000000000077e-26 4.288148023199554700e+03 3.311311214825911065e+03
1.822021715743720840e-26 2.000000000000000077e-26 4.388031822002674744e+03 3.388441561392027324e+03
1.846822908545081285e-26 2.000000000000000077e-26 4.490242213360284950e+03 3.467368504525316894e+03
1.873253261019709843e-26 2.000000000000000077e-26 4.594833390574804980e+03 3.548133892335756627e+03
1.901940612570880453e-26 2.000000000000000077e-26 4.701860809272812730e+03 3.630780547701013802e+03
1.933776622466569064e-26 2.000000000000000077e-26 4.811381216808382305e+03 3.715352290971723960e+03
1.970020016433219937e-26 2.000000000000000077e-26 4.923452682351267867e+03 3.801893963205612636e+03
2.012394935803570625e-26 2.000000000000000077e-26 5.038029491455145944e+03 3.890451449942804629e+03
2.063438638512558880e-26 2.000000000000000077e-26 5.155380273509825201e+03 3.981071705534973262e+03
2.126527536692946097e-26 2.000000000000000077e-26 5.275464506425039872e+03 4.073802778041126203e+03
2.206360490859248553e-26 2.000000000000000077e-26 5.398345860450592227e+03 4.168693834703354696e+03
2.309369174512050836e-26 2.000000000000000077e-26 5.524089488906906809e+03 4.265795188015925305e+03
2.444303027508885609e-26 2.000000000000000077e-26 5.652762062730213984e+03 4.365158322401661280e+03
2.622991767497495833e-26 2.000000000000000077e-26 5.784431805822326169e+03 4.466835921509630680e+03
2.861332638625922221e-26 2.000000000000000077e-26 5.919168531223896025e+03 4.570881896148751366e+03
3.180560039519839172e-26 2.000000000000000077e-26 6.057043678130174158e+03 4.677351412871980756e+03
3.608867374005680088e-26 2.000000000000000077e-26 6.198130349769054192e+03 4.786300923226384839e+03
4.183465047824532156e-26 2.000000000000000077e-26 6.342503352161330440e+03 4.897788193684461476e+03
4.953174605246116069e-26 2.000000000000000077e-26 6.490239233783884629e+03 5.011872336272725079e+03
5.981677135099444783e-26 2.000000000000000077e-26 6.641416326156657306e+03 5.128613839913648007e+03
7.351554298964954864e-26 2.000000000000000077e-26 6.796114785375101746e+03 5.248074602497727938e+03
9.169282602778719218e-26 2.000000000000000077e-26 6.954416634609960056e+03 5.370317963702526868e+03
1.157136572554661857e-25 2.000000000000000077e-26 7.116405807597082458e+03 5.495408738576248652e+03
1.473181562114677675e-25 2.000000000000000077e-26 7.282168193140150834e+03 5.623413251903491073e+03
1.887122040167354839e-25 2.000000000000000077e-26 7.451791680650121634e+03 5.754399373371572437e+03
2.426766525716868332e-25 2.000000000000000077e-26 7.625366206745288764e+03 5.888436553555889986e+03
3.126980130561762928e-25 2.000000000000000077e-26 7.802983802936933898e+03 6.025595860743580488e+03
4.031238560742218670e-25 2.000000000000000077e-26 7.984738644425590792e+03 6.165950018614822511e+03
5.193464279832086160e-25 2.000000000000000077e-26 8.170727100034039722e+03 6.309573444801936603e+03
6.680182394585211080e-25 2.000000000000000077e-26 8.361047783303276447e+03 6.456542290346556001e+03
8.573036025322421499e-25 2.000000000000000077e-26 8.555801604778771434e+03 6.606934480075957254e+03
1.097170269577240811e-24 2.000000000000000077e-26 8.755091825514553420e+03 6.760829753919819268e+03
1.399725449594449989e-24 2.000000000000000077e-26 8.959024111823551721e+03 6.918309709189362366e+03
1.779600530841401422e-24 2.000000000000000077e-26 9.167706591303352980e+03 7.079457843841380964e+03
2.254388811342857338e-24 2.000000000000000077e-26 9.381249910166796326e+03 7.244359600749898163e+03
2.845140417479785760e-24 2.000000000000000077e-26 9.599767291908141488e+03 7.413102413009177326e+03
3.576918363738800230e-24 2.000000000000000077e-26 9.823374597335588987e+03 7.585775750291835720e+03
4.460539232513048011e-24 1.998484907931434232e-26 1.004780869552203148e+04 7.762471166286919470e+03
5.462210236611971534e-24 1.991789285845843657e-26 1.026184087212740997e+04 7.943282347242813557e+03
6.666583920893803963e-24 1.985094871772771058e-26 1.048039237426122236e+04 8.128305161640994811e+03
8.109677299350011716e-24 1.978400996452221688e-26 1.070358032277608618e+04 8.317637711026709439e+03
9.832718989575476215e-24 1.971707795116922470e-26 1.093149803558197527e+04 8.511380382023768107e+03
1.188272577208906642e-23 1.965015811272432849e-26 1.116422614754902133e+04 8.709635899560806138e+03
1.386021061133064103e-23 1.945794127599281017e-26 1.136012835254677884e+04 8.912509381337458763e+03
1.596503872279058319e-23 1.922751064985125444e-26 1.154563861371313578e+04 9.120108393559095930e+03
1.834902041834909932e-23 1.899762045817923070e-26 1.173373247807789448e+04 9.332543007969914470e+03
2.104831376027209493e-23 1.876785758705257686e-26 1.192478391580054995e+04 9.549925860214360000e+03
2.409082973228950478e-23 1.853877171586229765e-26 1.211836937801452768e+04 9.772372209558112445e+03
2.751236878497968762e-23 1.831037228285983723e-26 1.231450325721093577e+04 1.000000000000000000e+04
3.136220914762472674e-23 1.808206775434400371e-26 1.251372804916306632e+04 1.023292992280753606e+04
3.472416075690893353e-23 1.774437690839704176e-26 1.267278405175495391e+04 1.047128548050898462e+04
3.776178196589031163e-23 1.734396828337310673e-26 1.280660031498104217e+04 1.071519305237607114e+04
4.101042312088693407e-23 1.694640632909910191e-26 1.294086316697463917e+04 1.096478196143185050e+04
4.448636620785741292e-23 1.655100623906021802e-26 1.307579203235105342e+04 1.122018454301965357e+04
4.818355335934910128e-23 1.615957009723033302e-26 1.321075392713208748e+04 1.148153621496884080e+04
5.214076724576943822e-23 1.576916713314049152e-26 1.334674708359229771e+04 1.174897554939530346e+04
5.632804965708132081e-23 1.538374860504146293e-26 1.348237713367016113e+04 1.202264434617413099e+04
6.080780499210186373e-23 1.499859659668080898e-26 1.361929023875068015e+04 1.230268770812381081e+04
6.553991221897972211e-23 1.461814854689837150e-26 1.375589611412881095e+04 1.258925411794166212e+04
7.057103692048361299e-23 1.423944521116024299e-26 1.389323629150060333e+04 1.288249551693132344e+04
7.589343143764217234e-23 1.386395242877023333e-26 1.403076592409555815e+04 1.318256738556407436e+04
8.132251452451244690e-23 1.348275583132857324e-26 1.416382385677850652e+04 1.348962882591653215e+04
8.661720160495994507e-23 1.308333823236263452e-26 1.428736461582321681e+04 1.380384264602886651e+04
9.213077561012920979e-23 1.268963237230508746e-26 1.441019323019433432e+04 1.412537544622755377e+04
9.791935162056525367e-23 1.229798226900847432e-26 1.453342817515226852e+04 1.445439770745928035e+04
1.039669079741288842e-22 1.190995451969162948e-26 1.465656261874795746e+04 1.479108388168207239e+04
1.102445029709160916e-22 1.152757005741908395e-26 1.477892682075606899e+04 1.513561248436207097e+04
1.168417442222542899e-22 1.114574630171505433e-26 1.490213093489546918e+04 1.548816618912479498e+04
1.236878192683951004e-22 1.076896914022401126e-26 1.502471342854629802e+04 1.584893192461114086e+04
1.307826275056919993e-22 1.039726543215518221e-26 1.514663333241463442e+04 1.621810097358929852e+04
1.382198906319047115e-22 1.002605845634780215e-26 1.526937765500817477e+04 1.659586907437563059e+04
1.459041569474286360e-22 9.660383456726131999e-27 1.539126528284797860e+04 1.698243652461746024e+04
1.538586405691404061e-22 9.299106863976843448e-27 1.551264227553046840e+04 1.737800828749376160e+04
1.621618264446045162e-22 8.938924571718270693e-27 1.563460445786397395e+04 1.778279410038922651e+04
1.707170254451547010e-22 8.584194694326718779e-27 1.575565756533021704e+04 1.819700858609982606e+04
1.773952419259847584e-22 8.250136143238885449e-27 1.588759033593674212e+04 1.862087136662865669e+04
1.754921470540364932e-22 7.973051895981521996e-27 1.605988061902641311e+04 1.905460717963248317e+04
1.736305346887417674e-22 7.699084658035610076e-27 1.623206964326192610e+04 1.949844599758045661e+04
1.717904879513041472e-22 7.425389243231795461e-27 1.640593122980911721e+04 1.995262314968882856e+04
1.699923257911828222e-22 7.155076845001912866e-27 1.657947156230174369e+04 2.041737944669531498e+04
1.682150785737709136e-22 6.885084124925611153e-27 1.675463909157493254e+04 2.089296130854040894e+04
1.664762191985196391e-22 6.618148048060325158e-27 1.692964283327200974e+04 2.137962089502232266e+04
1.647618675863400657e-22 6.352230599222423681e-27 1.710579621700106509e+04 2.187761623949551722e+04
1.630800884395677028e-22 6.088663276201200887e-27 1.728220139093719990e+04 2.238721138568337847e+04
1.614269733394193316e-22 5.826925732328270260e-27 1.745918214881266977e+04 2.290867652767770051e+04
1.598001360109512236e-22 5.566718731226750561e-27 1.763692448341414638e+04 2.344228815319922796e+04
1.580541828336058287e-22 5.328543323493131981e-27 1.783175162299587100e+04 2.398832919019489782e+04
1.556310226437730280e-22 5.179172715515509703e-27 1.810939029627463242e+04 2.454708915685033571e+04
1.532506510464767513e-22 5.030157835902691786e-27 1.839067509350878754e+04 2.511886431509582326e+04
1.509155000900055786e-22 4.881707552141683772e-27 1.867523832597438377e+04 2.570395782768864592e+04
1.486192467482749878e-22 4.733472974225511695e-27 1.896378156214248884e+04 2.630267991895381419e+04
1.463633458832568865e-22 4.585596015513728064e-27 1.925607066616566954e+04 2.691534803926913810e+04
1.441503686820512496e-22 4.438301315069595488e-27 1.955168729037995217e+04 2.754228703338163177e+04
1.419738595032873963e-22 4.291211478082359994e-27 1.985142153016681186e+04 2.818382931264454965e+04
1.405305512016779915e-22 4.195967794001215797e-27 2.021031701234331194e+04 2.884031503126605821e+04
1.394498342009535574e-22 4.126661883913419964e-27 2.060416382767830146e+04 2.951209226666390168e+04
1.383781994700797678e-22 4.057406011179414870e-27 2.100539300455213379e+04 3.019951720402019055e+04
1.373155710602940411e-22 3.988200551466330443e-27 2.141413477064310064e+04 3.090295432513592095e+04
1.362614324210252076e-22 3.919016812218305270e-27 2.183069815469160312e+04 3.162277660168379225e+04
1.352158240306462745e-22 3.849862145439829443e-27 2.225518465607352846e+04 3.235936569296280868e+04
1.360683597002187939e-22 3.800742000824983478e-27 2.271234182015776605e+04 3.311311214825907518e+04
1.377785646424519935e-22 3.760489478286636279e-27 2.319010740274411000e+04 3.388441561392027506e+04
1.395098554779713036e-22 3.720246408067352116e-27 2.367780727795459097e+04 3.467368504525316530e+04
1.412624851088008246e-22 3.680012832104003309e-27 2.417564502643054584e+04 3.548133892335760174e+04
1.430367093438633511e-22 3.639788792613174443e-27 2.468382832283322205e+04 3.630780547701017349e+04
1.452051421848350480e-22 3.598353219307601297e-27 2.520088031143426997e+04 3.715352290971727780e+04
1.494053113932749077e-22 3.550529942844783973e-27 2.571943684555118307e+04 3.801893963205612818e+04
1.537266296888789408e-22 3.502710419337822022e-27 2.624862172102446493e+04 3.890451449942804902e+04
1.581717210265350579e-22 3.454903772465220564e-27 2.678854781477121287e+04 3.981071705534969078e+04
1.627437223242656025e-22 3.407113844050718728e-27 2.733938535339293594e+04 4.073802778041121928e+04
1.674462005386539994e-22 3.359340723676456584e-27 2.790134971310673427e+04 4.168693834703355242e+04
1.737305732310933351e-22 3.312846444291835589e-27 2.847667021377604033e+04 4.265795188015925669e+04
1.817346252425959959e-22 3.267603182069153658e-27 2.906569844938358801e+04 4.365158322401665646e+04
1.901047056317871273e-22 3.222374351894227207e-27 2.966671674372394773e+04 4.466835921509634500e+04
1.988574117085801643e-22 3.177160027814438659e-27 3.027996408027335929e+04 4.570881896148751548e+04
2.080100860591651786e-22 3.131960284448520669e-27 3.090568407042038234e+04 4.677351412871981302e+04
2.175839156919736564e-22 3.086761042490229216e-27 3.154432708719041693e+04 4.786300923226380110e+04
2.271359409698613872e-22 3.055375840252982154e-27 3.222129048538948336e+04 4.897788193684456201e+04
2.370402999179791245e-22 3.025901114537791009e-27 3.291630622583220247e+04 5.011872336272725079e+04
2.473751353594826802e-22 2.996430317371395704e-27 3.362621786303069530e+04 5.128613839913647826e+04
2.581590907333447765e-22 2.966963462038683956e-27 3.435134224683605134e+04 5.248074602497733576e+04
2.694116137598487087e-22 2.937500561892052618e-27 3.509200290589168435e+04 5.370317963702532870e+04
2.820261256902410428e-22 2.916311977369541235e-27 3.586550690759607096e+04 5.495408738576248288e+04
2.962173429587118109e-22 2.903983659597469164e-27 3.667485461683462927e+04 5.623413251903490891e+04
3.111222995170126316e-22 2.891655620922071243e-27 3.750244727138410963e+04 5.754399373371566617e+04
3.267768745576190312e-22 2.879327861740514112e-27 3.834869570746782119e+04 5.888436553555884166e+04
3.432187499667570425e-22 2.867000382450821061e-27 3.921402000147792569e+04 6.025595860743580852e+04
3.606223681404778242e-22 2.857637745761869284e-27 4.010566805984693201e+04 6.165950018614822329e+04
3.792087820080296461e-22 2.854482726010810745e-27 4.103236405671949615e+04 6.309573444801942969e+04
3.987531072082892892e-22 2.851327710855676112e-27 4.198047122778857010e+04 6.456542290346562368e+04
4.193047113037708791e-22 2.848172700298149277e-27 4.295048424227114447e+04 6.606934480075964530e+04
4.409155060181803466e-22 2.845017694339903366e-27 4.394290919711521565e+04 6.760829753919818904e+04
4.630405914074594780e-22 2.841862692982622629e-27 4.495826388098258030e+04 6.918309709189362184e+04
4.846860141952525827e-22 2.838707696227983422e-27 4.599707804432906414e+04 7.079457843841373688e+04
5.073432460410528430e-22 2.835552704077666406e-27 4.705989367572324409e+04 7.244359600749891251e+04
5.310595820738052012e-22 2.832397716533354395e-27 4.814726528454782965e+04 7.413102413009176962e+04
5.558845280699902882e-22 2.829242733596730203e-27 4.925976019023058325e+04 7.585775750291836448e+04
5.818194423588387555e-22 2.825332365098056275e-27 5.039577344329354673e+04 7.762471166286927473e+04
6.087980187866457001e-22 2.819072117528265169e-27 5.155094313752341986e+04 7.943282347242820833e+04
6.370274060436713888e-22 2.812811906301281480e-27 5.273258464260462642e+04 8.128305161640995357e+04
6.665655877148277259e-22 2.806551731443488542e-27 5.394130442100869550e+04 8.317637711026708712e+04
6.974732349459810406e-22 2.800291592981290135e-27 5.517772282522036403e+04 8.511380382023759012e+04
7.291995791324052920e-22 2.793041406838189713e-27 5.643926358938202611e+04 8.709635899560796679e+04
7.590790481170327227e-22 2.780715898007773462e-27 5.771258908758757025e+04 8.912509381337459490e+04
7.901821206265124299e-22 2.768390672284188655e-27 5.901461182400243706e+04 9.120108393559097021e+04
8.225588738642638643e-22 2.756065730073196801e-27 6.034597782779762201e+04 9.332543007969924656e+04
8.562614331775603776e-22 2.743741071781433996e-27 6.170734765397490264e+04 9.549925860214368731e+04
8.913312339125875215e-22 2.731386549907428393e-27 6.309928720413926931e+04 9.772372209558112081e+04
9.227241017898240295e-22 2.707482900745249030e-27 6.447924081512550765e+04 1.000000000000000000e+05
9.552197873487121950e-22 2.683581308749362881e-27 6.588925072919015656e+04 1.023292992280753679e+05
9.888567991526960372e-22 2.659681866442458209e-27 6.732996326145320199e+04 1.047128548050900717e+05
1.023675105734896827e-21 2.635784579834030338e-27 6.880204370371265395e+04 1.071519305237607041e+05
1.059716070806298009e-21 2.611889454958810700e-27 7.030617168292081624e+04 1.096478196143185050e+05
1.089887764269992331e-21 2.578808365594092584e-27 7.180446997464371088e+04 1.122018454301962920e+05
1.117469625538449936e-21 2.541414014049369747e-27 7.331560780537933169e+04 1.148153621496884007e+05
1.145742839292290115e-21 2.504028364439718245e-27 7.485818499598446942e+04 1.174897554939530382e+05
1.174724534305865313e-21 2.466651455206466938e-27 7.643284629177830357e+04 1.202264434617413062e+05
1.204432257666212487e-21 2.429283325046231222e-27 7.804024941632669652e+04 1.230268770812381117e+05
1.233413041993467062e-21 2.393119776178436352e-27 7.968666848882043269e+04 1.258925411794166139e+05
1.254587795323577371e-21 2.363732541739447070e-27 8.140035951056543854e+04 1.288249551693134854e+05
1.276123494679183621e-21 2.334348789419809975e-27 8.315069444818187912e+04 1.318256738556407508e+05
1.298028304231162939e-21 2.304965784713283545e-27 8.493862049543796456e+04 1.348962882591653324e+05
1.320305866331920709e-21 2.275587024582182254e-27 8.676472430700351833e+04 1.380384264602883777e+05
1.342962456301461061e-21 2.246212523947736989e-27 8.862981436822246178e+04 1.412537544622755377e+05
1.348962882591650593e-21 2.225102601599535529e-27 9.057942563600787253e+04 1.445439770745928108e+05
1.348962882591650593e-21 2.206925421787651345e-27 9.258822346823065891e+04 1.479108388168207312e+05
1.348962882591650593e-21 2.188749229409575132e-27 9.464145803601242369e+04 1.513561248436207243e+05
1.348962882591650593e-21 2.170574026624580745e-27 9.674010956806872855e+04 1.548816618912482809e+05
1.348962882591650593e-21 2.152399815599033456e-27 9.888517984828414046e+04 1.584893192461114086e+05
1.340034001206112532e-21 2.140052103916742255e-27 1.011129939358231641e+05 1.621810097358929925e+05
1.321947328139321245e-21 2.133795920214286935e-27 1.034291798670889402e+05 1.659586907437559566e+05
1.304104885529420501e-21 2.127539775863675341e-27 1.057984073815777956e+05 1.698243652461745951e+05
1.286503374029279553e-21 2.121283670894627375e-27 1.082218907957455958e+05 1.737800828749376233e+05
1.269139538881320342e-21 2.115027605336901326e-27 1.107008722177499003e+05 1.778279410038922797e+05
1.256616097458812044e-21 2.108771579220288126e-27 1.132366221833092568e+05 1.819700858609982533e+05
1.250937058634508105e-21 2.102515592574607765e-27 1.158304403061071644e+05 1.862087136662869307e+05
1.245283720767321818e-21 2.096259645429718977e-27 1.184836559430702182e+05 1.905460717963248317e+05
1.239655967411552000e-21 2.090003737815519238e-27 1.211976288748649822e+05 1.949844599758045515e+05
1.234053682649624323e-21 2.083747869761926113e-27 1.239737500019563449e+05 1.995262314968878927e+05
1.233920331648025398e-21 2.079505300353356128e-27 1.268287758584912517e+05 2.041737944669531716e+05
1.245337655904472924e-21 2.079505300353356128e-27 1.297829975555405254e+05 2.089296130854040966e+05
1.256860623361555928e-21 2.079505300353356128e-27 1.328060319157748017e+05 2.137962089502232557e+05
1.268490211523794794e-21 2.079505300353356128e-27 1.358994817920264613e+05 2.187761623949551722e+05
1.280227406940417650e-21 2.079505300353356128e-27 1.390649873723668279e+05 2.238721138568342431e+05
1.293941964148214591e-21 2.078490389856250260e-27 1.422955536179697956e+05 2.290867652767774707e+05
1.311792202443295274e-21 2.075336548565403613e-27 1.455822436993889278e+05 2.344228815319922578e+05
1.329888659942392751e-21 2.072182712310566614e-27 1.489448431021037104e+05 2.398832919019489782e+05
1.348234732484169059e-21 2.069028881093667451e-27 1.523851048985449306e+05 2.454708915685028478e+05
1.366833862736680780e-21 2.065875054916624983e-27 1.559048226441227307e+05 2.511886431509582035e+05
1.382165095540283650e-21 2.063604240282682406e-27 1.595142942177585501e+05 2.570395782768864592e+05
1.388544879751423369e-21 2.063604240282682406e-27 1.632298594416426786e+05 2.630267991895381710e+05
1.394954111708491835e-21 2.063604240282682406e-27 1.670319712976053415e+05 2.691534803926913883e+05
1.401392927336119600e-21 2.063604240282682406e-27 1.709226457156798861e+05 2.754228703338169144e+05
1.407861463186325827e-21 2.063604240282682406e-27 1.749039455829411745e+05 2.818382931264454965e+05
1.414359856441424858e-21 2.063604240282682406e-27 1.789779818372779700e+05 2.884031503126605530e+05
1.420888244916947459e-21 2.063604240282682406e-27 1.831469145866385661e+05 2.951209226666383911e+05
1.427446767064517494e-21 2.063604240282682406e-27 1.874129542543493735e+05 3.019951720402018982e+05
1.434035561974868521e-21 2.063604240282682406e-27 1.917783627511091472e+05 3.090295432513591950e+05
1.440654769380701280e-21 2.063604240282682406e-27 1.962454546742863022e+05 3.162277660168379080e+05
1.445439770745928076e-21 2.063604240282682406e-27 2.008165985351474665e+05 3.235936569296281086e+05
1.445439770745928076e-21 2.063604240282682406e-27 2.054942180146742612e+05 3.311311214825914358e+05
1.445439770745928076e-21 2.063604240282682406e-27 2.102807932486296049e+05 3.388441561392027652e+05
1.445439770745928076e-21 2.063604240282682406e-27 2.151788621425606543e+05 3.467368504525316530e+05
1.445439770745928076e-21 2.063604240282682406e-27 2.201910217174286663e+05 3.548133892335753189e+05
1.439905733686284672e-21 2.062721233781367757e-27 2.253079753144802526e+05 3.630780547701017349e+05
1.420312343468412315e-21 2.059567417689823957e-27 2.305120135597467306e+05 3.715352290971727925e+05
1.400985599287725591e-21 2.056413606643918902e-27 2.358362431690903904e+05 3.801893963205612381e+05
1.381921871957648686e-21 2.053259800645586159e-27 2.412834398543932184e+05 3.890451449942804757e+05
1.363117581692040818e-21 2.050105999696751762e-27 2.468564434253629006e+05 3.981071705534977373e+05
1.328413172266111628e-21 2.047703180212009044e-27 2.525695610878472507e+05 4.073802778041130514e+05
1.245469719816584248e-21 2.047703180212009044e-27 2.584526619246198097e+05 4.168693834703355096e+05
1.167705090076654036e-21 2.047703180212009044e-27 2.644727977837701910e+05 4.265795188015925814e+05
1.094795927749836700e-21 2.047703180212009044e-27 2.706331606210168684e+05 4.365158322401656187e+05
1.026439067195412690e-21 2.047703180212009044e-27 2.769370167422787636e+05 4.466835921509634936e+05
9.539454877081888761e-22 2.047703180212009044e-27 2.833877085355115705e+05 4.570881896148751839e+05
8.620323379272751361e-22 2.047703180212009044e-27 2.899886562428897014e+05 4.677351412871981156e+05
7.789750684995863739e-22 2.047703180212009044e-27 2.967433597742614802e+05 4.786300923226380255e+05
7.039204106924384867e-22 2.047703180212009044e-27 3.036554005628488376e+05 4.897788193684466532e+05
6.360973086646127820e-22 2.047703180212009044e-27 3.107284434641684056e+05 5.011872336272724788e+05
5.760709322655782662e-22 2.047703180212009044e-27 3.179662386991899111e+05 5.128613839913647971e+05
5.253829344640724862e-22 2.047703180212009044e-27 3.253726238427503849e+05 5.248074602497722954e+05
4.791549310438466683e-22 2.047703180212009044e-27 3.329515258582888637e+05 5.370317963702533161e+05
4.369944908428225195e-22 2.047703180212009044e-27 3.407069631799710914e+05 5.495408738576248288e+05
3.985437123874717325e-22 2.047703180212009044e-27 3.486430478433211683e+05 5.623413251903491328e+05
3.671173519225870847e-22 2.046952203799352149e-27 3.567478821691097692e+05 5.754399373371566180e+05
3.491304175655552180e-22 2.043798412955315506e-27 3.649877795254768571e+05 5.888436553555895807e+05
3.320247807587224563e-22 2.040644627166579348e-27 3.734179822370927432e+05 6.025595860743580852e+05
3.157572596711800765e-22 2.037490846435074013e-27 3.820428851988377864e+05 6.165950018614821602e+05
3.002867883592683687e-22 2.034337070762740243e-27 3.908669847933591809e+05 6.309573444801929872e+05
2.873626984215135675e-22 2.031802120141341421e-27 3.999097647046262864e+05 6.456542290346563095e+05
2.821177380759936405e-22 2.031802120141341421e-27 4.092248597668891307e+05 6.606934480075964238e+05
2.769685090455580259e-22 2.031802120141341421e-27 4.187569312665317557e+05 6.760829753919818904e+05
2.719132640367868855e-22 2.031802120141341421e-27 4.285110332340351888e+05 6.918309709189363057e+05
2.669502876479659492e-22 2.031802120141341421e-27 4.384923374233741779e+05 7.079457843841387657e+05
2.627892517281598257e-22 2.031802120141341421e-27 4.487061360541465110e+05 7.244359600749906385e+05
2.615818447919650405e-22 2.031802120141341421e-27 4.591578446175825084e+05 7.413102413009176962e+05
2.603799853867268583e-22 2.031802120141341421e-27 4.698530047479072819e+05 7.585775750291835284e+05
2.591836480238600005e-22 2.031802120141341421e-27 4.807972871605892433e+05 7.762471166286912048e+05
2.579928073318823122e-22 2.031802120141341421e-27 4.919964946590291220e+05 7.943282347242821706e+05
2.570395782768864777e-22 2.031802120141341421e-27 5.024918250926463515e+05 8.128305161640995648e+05
2.570395782768864777e-22 2.031802120141341421e-27 5.141963632956710644e+05 8.317637711026708130e+05
2.570395782768864777e-22 2.031802120141341421e-27 5.261735352167087840e+05 8.511380382023758721e+05
2.570395782768864777e-22 2.031802120141341421e-27 5.384296913108495064e+05 8.709635899560814723e+05
2.570395782768864777e-22 2.031802120141341421e-27 5.509713299542816821e+05 8.912509381337459199e+05
2.563722407733931370e-22 2.031802120141341421e-27 5.638051008898232831e+05 9.120108393559096148e+05
2.505364961036037707e-22 2.031802120141341421e-27 5.769378087526995223e+05 9.332543007969905157e+05
2.448335892002911563e-22 2.031802120141341421e-27 5.903764166784522822e+05 9.549925860214368440e+05
2.392604963067302000e-22 2.031802120141341421e-27 6.041280499948824290e+05 9.772372209558112081e+05
2.338142624952962163e-22 2.031802120141341421e-27 6.182000000000000000e+05 1.000000000000000000e+06
2.278987790803101697e-22 2.031802120141341421e-27 6.325997278279619059e+05 1.023292992280753679e+06
2.176416443850317840e-22 2.031802120141341421e-27 6.473348684050667798e+05 1.047128548050900688e+06
2.078461567972194472e-22 2.031802120141341421e-27 6.624132344978887122e+05 1.071519305237607099e+06
1.984915387743936495e-22 2.031802120141341421e-27 6.778428208557169419e+05 1.096478196143185021e+06
1.895579479175324963e-22 2.031802120141341421e-27 6.936318084494734649e+05 1.122018454301962862e+06
1.813090151968033575e-22 2.031802120141341421e-27 7.097885688093737699e+05 1.148153621496884152e+06
1.755575045555992564e-22 2.031802120141341421e-27 7.263216684636175632e+05 1.174897554939530324e+06
1.699884441616703918e-22 2.031802120141341421e-27 7.432398734804848209e+05 1.202264434617413208e+06
1.645960463020475002e-22 2.031802120141341421e-27 7.605521541162139038e+05 1.230268770812381059e+06
1.593747068624227867e-22 2.031802120141341421e-27 7.782676895711550023e+05 1.258925411794168642e+06
1.547206921962585727e-22 2.031802120141341421e-27 7.963958728566960199e+05 1.288249551693134941e+06
1.533022043639748980e-22 2.031802120141341421e-27 8.149463157755710417e+05 1.318256738556407392e+06
1.518967213063053020e-22 2.031802120141341421e-27 8.339288540181600256e+05 1.348962882591653382e+06
1.505041237947619404e-22 2.031802120141341421e-27 8.533535523775026668e+05 1.380384264602883719e+06
1.491242936939453809e-22 2.031802120141341421e-27 8.732307100857873447e+05 1.412537544622755377e+06
1.478339564028633777e-22 2.031802120141341421e-27 8.935708662751326337e+05 1.445439770745927934e+06
1.471547210719200339e-22 2.031802120141341421e-27 9.143848055655856151e+05 1.479108388168207137e+06
1.464786065438412790e-22 2.031802120141341421e-27 9.356835637832632056e+05 1.513561248436207185e+06
1.458055984798428026e-22 2.031802120141341421e-27 9.574784338116967119e+05 1.548816618912482634e+06
1.451356826070174658e-22 2.031802120141341421e-27 9.797809715794607764e+05 1.584893192461114144e+06
1.445439770745927982e-22 2.031802120141341421e-27 1.002603002187290462e+06 1.621810097358929925e+06
1.445439770745927982e-22 2.031802120141341421e-27 1.025956626177899307e+06 1.659586907437559683e+06
1.445439770745927982e-22 2.031802120141341421e-27 1.049854225951851346e+06 1.698243652461746009e+06
1.445439770745927982e-22 2.031802120141341421e-27 1.074308472332864301e+06 1.737800828749376349e+06
1.445439770745927982e-22 2.031802120141341421e-27 1.099332331286062021e+06 1.778279410038922913e+06
1.446191485044251502e-22 2.031802120141341421e-27 1.124939070792691084e+06 1.819700858609982533e+06
1.452866801641612778e-22 2.031802120141341421e-27 1.151142267884985777e+06 1.862087136662869481e+06
1.459572930100441433e-22 2.031802120141341421e-27 1.177955815844879951e+06 1.905460717963248258e+06
1.466310012641804160e-22 2.031802120141341421e-27 1.205393931570423767e+06 1.949844599758045515e+06
1.473078192143265729e-22 2.031802120141341421e-27 1.233471163113760762e+06 1.995262314968878869e+06
1.479877612141884854e-22 2.031802120141341421e-27 1.262202397394704400e+06 2.041737944669531658e+06
1.486708416837220166e-22 2.031802120141341421e-27 1.291602868093967903e+06 2.089296130854040850e+06
1.493570751094461966e-22 2.031802120141341421e-27 1.321688163730280241e+06 2.137962089502232615e+06
1.500464760447455361e-22 2.031802120141341421e-27 1.352474235925612971e+06 2.187761623949551955e+06
1.507390591101811562e-22 2.031802120141341421e-27 1.383977407862949185e+06 2.238721138568342198e+06
1.513561248436207093e-22 2.031443073973651941e-27 1.416214382941038115e+06 2.290867652767774649e+06
1.513561248436207093e-22 2.028262861959517770e-27 1.449202253630776191e+06 2.344228815319922753e+06
1.513561248436207093e-22 2.025082649945383600e-27 1.482958510537848575e+06 2.398832919019490015e+06
1.513561248436207093e-22 2.021902437931249430e-27 1.517501051676484756e+06 2.454708915685028769e+06
1.513561248436207093e-22 2.018722225917115260e-27 1.552848191959223710e+06 2.511886431509582326e+06
1.511202277964926623e-22 2.015901060070667700e-27 1.589018672907711938e+06 2.570395782768864650e+06
1.490467805395960570e-22 2.015901060070667700e-27 1.626031672589724651e+06 2.630267991895381361e+06
1.470017820455818410e-22 2.015901060070667700e-27 1.663906815787618048e+06 2.691534803926913999e+06
1.449848419827865027e-22 2.015901060070667700e-27 1.702664184403656051e+06 2.754228703338169027e+06
1.429955753751049284e-22 2.015901060070667700e-27 1.742324328107686015e+06 2.818382931264454965e+06
1.405212481112530929e-22 2.015901060070667700e-27 1.782908275232867571e+06 2.884031503126605880e+06
1.341967501247255438e-22 2.015901060070667700e-27 1.824437543925158447e+06 2.951209226666383911e+06
1.281569014372831888e-22 2.015901060070667700e-27 1.866934153552528005e+06 3.019951720402019098e+06
1.223888907200854805e-22 2.015901060070667700e-27 1.910420636379902484e+06 3.090295432513591833e+06
1.168804832490694606e-22 2.015901060070667700e-27 1.954920049516092055e+06 3.162277660168379545e+06
1.114460289032825209e-22 2.015901060070667700e-27 2.000455987138960743e+06 3.235936569296280853e+06
1.049698551977848739e-22 2.015901060070667700e-27 2.047052593005380128e+06 3.311311214825914241e+06
9.887001455930353061e-23 2.015901060070667700e-27 2.094734573252551258e+06 3.388441561392027419e+06
9.312463812146990555e-23 2.015901060070667700e-27 2.143527209497550968e+06 3.467368504525316879e+06
8.771312782656693657e-23 2.015901060070667700e-27 2.193456372241962235e+06 3.548133892335752957e+06
8.270203543585487636e-23 2.015901060070667700e-27 2.244548534588769078e+06 3.630780547701017465e+06
7.861695133045558300e-23 2.015901060070667700e-27 2.296830786278722342e+06 3.715352290971728042e+06
7.473365079737330399e-23 2.015901060070667700e-27 2.350330848053709604e+06 3.801893963205612730e+06
7.104216669541789939e-23 2.015901060070667700e-27 2.405077086354641709e+06 3.890451449942804873e+06
6.753302421239256473e-23 2.015901060070667700e-27 2.461098528361722827e+06 3.981071705534977373e+06
6.429742770964947893e-23 2.015901060070667700e-27 2.518424877385026775e+06 4.073802778041130397e+06
6.197172697092454384e-23 2.015901060070667700e-27 2.577086528613613918e+06 4.168693834703355096e+06
5.973014909867772656e-23 2.015901060070667700e-27 2.637114585231445264e+06 4.265795188015925698e+06
5.756965128669249291e-23 2.015901060070667700e-27 2.698540874908704311e+06 4.365158322401656769e+06
5.548730079002551213e-23 2.015901060070667700e-27 2.761397966677255929e+06 4.466835921509634703e+06
5.356375307062308233e-23 2.015901060070667700e-27 2.825719188199157827e+06 4.570881896148751490e+06
5.234449319469878397e-23 2.015901060070667700e-27 2.891538643437458668e+06 4.677351412871981040e+06
5.115298706192801861e-23 2.015901060070667700e-27 2.958891230738548562e+06 4.786300923226380721e+06
4.998860291998689358e-23 2.015901060070667700e-27 3.027812661335736979e+06 4.897788193684466183e+06
4.885072339699134411e-23 2.015901060070667700e-27 3.098339478283798322e+06 5.011872336272724904e+06
4.778841203604053126e-23 2.015901060070667700e-27 3.170509075834617484e+06 5.128613839913648553e+06
4.713273044203837953e-23 2.015901060070667700e-27 3.244359719264092389e+06 5.248074602497722954e+06
4.648604513676808342e-23 2.015901060070667700e-27 3.319930565160905477e+06 5.370317963702532463e+06
4.584823268652083205e-23 2.015901060070667700e-27 3.397261682187836617e+06 5.495408738576248288e+06
4.521917135116179313e-23 2.015901060070667700e-27 3.476394072326737922e+06 5.623413251903491095e+06
4.459874106089339915e-23 2.015901060070667700e-27 3.557369692618302535e+06 5.754399373371566646e+06
4.398682339333782713e-23 2.015901060070667700e-27 3.640231477408254519e+06 5.888436553555895574e+06
4.338330155093210128e-23 2.015901060070667700e-27 3.725023361111681908e+06 6.025595860743581317e+06
4.278806033863698790e-23 2.015901060070667700e-27 3.811790301507683005e+06 6.165950018614822067e+06
4.220098614194806282e-23 2.015901060070667700e-27 3.900578303576553240e+06 6.309573444801930338e+06
4.162196690521035625e-23 2.015542013902978219e-27 3.991434443892245181e+06 6.456542290346562862e+06
4.105089211023011547e-23 2.012361801888846919e-27 4.084406895582961384e+06 6.606934480075964704e+06
4.048765275518005327e-23 2.009181589874713107e-27 4.179544953873231541e+06 6.760829753919818439e+06
3.993214133379402069e-23 2.006001377860578937e-27 4.276899062220863998e+06 6.918309709189362824e+06
3.938425181484714859e-23 2.002821165846444767e-27 4.376520839062745683e+06 7.079457843841387890e+06
3.884387962191749068e-23 2.000000000000000077e-27 4.478463105183592066e+06 7.244359600749906152e+06
3.831092161342541833e-23 2.000000000000000077e-27 4.582779911722272635e+06 7.413102413009176962e+06
3.778527606294713468e-23 2.000000000000000077e-27 4.689526568830412813e+06 7.585775750291835517e+06
3.726684263979677161e-23 2.000000000000000077e-27 4.798759674998568371e+06 7.762471166286911815e+06
3.675552238987770435e-23 2.000000000000000077e-27 4.910537147065511905e+06 7.943282347242821939e+06
3.627007049727114277e-23 2.000000000000000077e-27 5.024918250926462933e+06 8.128305161640995182e+06
3.593754449220913491e-23 2.000000000000000077e-27 5.141963632956710644e+06 8.317637711026708595e+06
3.560806710388583402e-23 2.000000000000000077e-27 5.261735352167087607e+06 8.511380382023759186e+06
3.528161038241527316e-23 2.000000000000000077e-27 5.384296913108495064e+06 8.709635899560814723e+06
3.495814663415756358e-23 2.000000000000000077e-27 5.509713299542816356e+06 8.912509381337458268e+06
3.463764841936878765e-23 2.000000000000000077e-27 5.638051008898233064e+06 9.120108393559096381e+06
3.432008854987524797e-23 2.000000000000000077e-27 5.769378087526994757e+06 9.332543007969904691e+06
3.400544008676479068e-23 2.000000000000000077e-27 5.903764166784523055e+06 9.549925860214369372e+06
3.369367633810353689e-23 2.000000000000000077e-27 6.041280499948824756e+06 9.772372209558112547e+06
3.338477085667072276e-23 2.000000000000000077e-27 6.182000000000000000e+06 1.000000000000000000e+07
3.311311214825907663e-23 2.000000000000000077e-27 6.325997278279619291e+06 1.023292992280753702e+07
3.311311214825907663e-23 2.000000000000000077e-27 6.473348684050668031e+06 1.047128548050900735e+07
3.311311214825907663e-23 2.000000000000000077e-27 6.624132344978886656e+06 1.071519305237607099e+07
3.311311214825907663e-23 2.000000000000000077e-27 6.778428208557170816e+06 1.096478196143185161e+07
3.311311214825907663e-23 2.000000000000000077e-27 6.936318084494735114e+06 1.122018454301963001e+07
3.314756266348760656e-23 2.000000000000000077e-27 7.097885688093737699e+06 1.148153621496884152e+07
3.345427328453244317e-23 2.000000000000000077e-27 7.263216684636175632e+06 1.174897554939530231e+07
3.376382186401259409e-23 2.000000000000000077e-27 7.432398734804847278e+06 1.202264434617413022e+07
3.407623466123359096e-23 2.000000000000000077e-27 7.605521541162139736e+06 1.230268770812381059e+07
3.439153817847645879e-23 2.000000000000000077e-27 7.782676895711550489e+06 1.258925411794168688e+07
3.469171741529825577e-23 2.000000000000000077e-27 7.963958728566959500e+06 1.288249551693134941e+07
3.485184710728453521e-23 2.000000000000000077e-27 8.149463157755710185e+06 1.318256738556407392e+07
3.501271592434665038e-23 2.000000000000000077e-27 8.339288540181599557e+06 1.348962882591653243e+07
3.517432727813036625e-23 2.000000000000000077e-27 8.533535523775044829e+06 1.380384264602886699e+07
3.533668459602976307e-23 2.000000000000000077e-27 8.732307100857874379e+06 1.412537544622755423e+07
3.548133892335760429e-23 2.000000000000000077e-27 8.935708662751326337e+06 1.445439770745928027e+07
3.548133892335760429e-23 2.000000000000000077e-27 9.143848055655855685e+06 1.479108388168207183e+07
3.548133892335760429e-23 2.000000000000000077e-27 9.356835637832632288e+06 1.513561248436207138e+07
3.548133892335760429e-23 2.000000000000000077e-27 9.574784338116968051e+06 1.548816618912482820e+07
3.548133892335760429e-23 2.000000000000000077e-27 9.797809715794607997e+06 1.584893192461114191e+07
3.546289611680800098e-23 2.000000000000000077e-27 1.002603002187290415e+07 1.621810097358929925e+07
3.529995890964520354e-23 2.000000000000000077e-27 1.025956626177899353e+07 1.659586907437559776e+07
3.513777033094694005e-23 2.000000000000000077e-27 1.049854225951851346e+07 1.698243652461745963e+07
3.497632694107843134e-23 2.000000000000000077e-27 1.074308472332864255e+07 1.737800828749376163e+07
3.481562531620772120e-23 2.000000000000000077e-27 1.099332331286061928e+07 1.778279410038922727e+07
3.461964415378818692e-23 2.000000000000000077e-27 1.124939070792691223e+07 1.819700858609982580e+07
3.414464482873401455e-23 2.000000000000000077e-27 1.151142267884985916e+07 1.862087136662869528e+07
3.367616273874414178e-23 2.000000000000000077e-27 1.177955815844879858e+07 1.905460717963248119e+07
3.321410846400148748e-23 2.000000000000000077e-27 1.205393931570423581e+07 1.949844599758045375e+07
3.275839381157460607e-23 2.000000000000000077e-27 1.233471163113760762e+07 1.995262314968878776e+07
3.229213797408211295e-23 2.000000000000000077e-27 1.262202397394704446e+07 2.041737944669531658e+07
3.170274003177270522e-23 2.000000000000000077e-27 1.291602868093967997e+07 2.089296130854040757e+07
3.112409981429022784e-23 2.000000000000000077e-27 1.321688163730280101e+07 2.137962089502232522e+07
3.055602097102792273e-23 2.000000000000000077e-27 1.352474235925612971e+07 2.187761623949551955e+07
2.999831073518223335e-23 2.000000000000000077e-27 1.383977407862949185e+07 2.238721138568342477e+07
2.946609600831962835e-23 2.000000000000000077e-27 1.416214382941038348e+07 2.290867652767774835e+07
2.906180601464556945e-23 2.000000000000000077e-27 1.449202253630776145e+07 2.344228815319922566e+07
2.866306308763863691e-23 2.000000000000000077e-27 1.482958510537848435e+07 2.398832919019489735e+07
2.826979111869115782e-23 2.000000000000000077e-27 1.517501051676487550e+07 2.454708915685033426e+07
2.788191504344446107e-23 2.000000000000000077e-27 1.552848191959223710e+07 2.511886431509582326e+07
2.751366212395764369e-23 2.000000000000000077e-27 1.589018672907711938e+07 2.570395782768864557e+07
2.726141535340356730e-23 2.000000000000000077e-27 1.626031672589724697e+07 2.630267991895381361e+07
2.701148119514233074e-23 2.000000000000000077e-27 1.663906815787618048e+07 2.691534803926913813e+07
2.676383844701720966e-23 2.000000000000000077e-27 1.702664184403656051e+07 2.754228703338168934e+07
2.651846610125402318e-23 2.000000000000000077e-27 1.742324328107685968e+07 2.818382931264454871e+07
2.627534334267837045e-23 2.000000000000000077e-27 1.782908275232867524e+07 2.884031503126605600e+07
2.603444954695116360e-23 2.000000000000000077e-27 1.824437543925158679e+07 2.951209226666384190e+07
2.579576427881838426e-23 2.000000000000000077e-27 1.866934153552528098e+07 3.019951720402019098e+07
2.555926729037692084e-23 2.000000000000000077e-27 1.910420636379902437e+07 3.090295432513592020e+07
2.532493851935818512e-23 2.000000000000000077e-27 1.954920049516091868e+07 3.162277660168379173e+07
2.510580780794671838e-23 2.000000000000000077e-27 2.000455987138960883e+07 3.235936569296281040e+07
2.499045709901649102e-23 2.000000000000000077e-27 2.047052593005380034e+07 3.311311214825914428e+07
2.487563637845200199e-23 2.000000000000000077e-27 2.094734573252551258e+07 3.388441561392027140e+07
2.476134321117790638e-23 2.000000000000000077e-27 2.143527209497550502e+07 3.467368504525316507e+07
2.464757517330680307e-23 2.000000000000000077e-27 2.193456372241962329e+07 3.548133892335753143e+07
2.454708915685033596e-23 2.000000000000000077e-27 2.244548534588769078e+07 3.630780547701017559e+07
2.454708915685033596e-23 2.000000000000000077e-27 2.296830786278722063e+07 3.715352290971727669e+07
2.454708915685033596e-23 2.000000000000000077e-27 2.350330848053709418e+07 3.801893963205612451e+07
2.454708915685033596e-23 2.000000000000000077e-27 2.405077086354641989e+07 3.890451449942804873e+07
2.454708915685033596e-23 2.000000000000000077e-27 2.461098528361722827e+07 3.981071705534977466e+07
2.454708915685033596e-23 2.000000000000000077e-27 2.518424877385026589e+07 4.073802778041130304e+07
2.454708915685033596e-23 2.000000000000000077e-27 2.577086528613614291e+07 4.168693834703355283e+07
2.454708915685033596e-23 2.000000000000000077e-27 2.637114585231445357e+07 4.265795188015925884e+07
2.454708915685033596e-23 2.000000000000000077e-27 2.698540874908709154e+07 4.365158322401665151e+07
2.454708915685033596e-23 2.000000000000000077e-27 2.761397966677255929e+07 4.466835921509634703e+07
2.455985509720626188e-23 2.000000000000000077e-27 2.825719188199158013e+07 4.570881896148751676e+07
2.467321823760267762e-23 2.000000000000000077e-27 2.891538643437458947e+07 4.677351412871981412e+07
2.478710463848046108e-23 2.000000000000000077e-27 2.958891230738548189e+07 4.786300923226380348e+07
2.490151671510026017e-23 2.000000000000000077e-27 3.027812661335736886e+07 4.897788193684466183e+07
2.501645689387125522e-23 2.000000000000000077e-27 3.098339478283798322e+07 5.011872336272724718e+07
2.511886431509571875e-23 2.000000000000000077e-27 3.170509075834617391e+07 5.128613839913648367e+07
2.511886431509571875e-23 2.000000000000000077e-27 3.244359719264092296e+07 5.248074602497722954e+07
2.511886431509571875e-23 2.000000000000000077e-27 3.319930565160905570e+07 5.370317963702532649e+07
2.511886431509571875e-23 2.000000000000000077e-27 3.397261682187836617e+07 5.495408738576248288e+07
2.511886431509571875e-23 2.000000000000000077e-27 3.476394072326737642e+07 5.623413251903490722e+07
2.513192761240181397e-23 2.000000000000000077e-27 3.557369692618302256e+07 5.754399373371566832e+07
2.524793131955240350e-23 2.000000000000000077e-27 3.640231477408254892e+07 5.888436553555896133e+07
2.536447047548692410e-23 2.000000000000000077e-27 3.725023361111681163e+07 6.025595860743580759e+07
2.548154755172425171e-23 2.000000000000000077e-27 3.811790301507682353e+07 6.165950018614821881e+07
2.559916503119189929e-23 2.000000000000000077e-27 3.900578303576552868e+07 6.309573444801929593e+07
2.573069994080116609e-23 2.000000000000000077e-27 3.991434443892244995e+07 6.456542290346562862e+07
2.596878317602661704e-23 2.000000000000000077e-27 4.084406895582961291e+07 6.606934480075964332e+07
2.620906936830458892e-23 2.000000000000000077e-27 4.179544953873232007e+07 6.760829753919818997e+07
2.645157890134529501e-23 2.000000000000000077e-27 4.276899062220863998e+07 6.918309709189362824e+07
2.669633234746795756e-23 2.000000000000000077e-27 4.376520839062745124e+07 7.079457843841387331e+07
2.692934561452267505e-23 2.000000000000000077e-27 4.478463105183590949e+07 7.244359600749905407e+07
2.705364582621366569e-23 2.000000000000000077e-27 4.582779911722273380e+07 7.413102413009177148e+07
2.717851978161360190e-23 2.000000000000000077e-27 4.689526568830412626e+07 7.585775750291836262e+07
2.730397012900267569e-23 2.000000000000000077e-27 4.798759674998578429e+07 7.762471166286927462e+07
2.742999952888564429e-23 2.000000000000000077e-27 4.910537147065512091e+07 7.943282347242821753e+07
2.757094172384465933e-23 2.000000000000000077e-27 5.024918250926463306e+07 8.128305161640995741e+07
2.782605250664215130e-23 2.000000000000000077e-27 5.141963632956711203e+07 8.317637711026708782e+07
2.808352380045003784e-23 2.000000000000000077e-27 5.261735352167087793e+07 8.511380382023759186e+07
2.834337744680754784e-23 2.000000000000000077e-27 5.384296913108494878e+07 8.709635899560813606e+07
2.860563548935117609e-23 2.000000000000000077e-27 5.509713299542817473e+07 8.912509381337459385e+07
2.885531370337680012e-23 2.000000000000000077e-27 5.638051008898233622e+07 9.120108393559096754e+07
2.898850377984881494e-23 2.000000000000000077e-27 5.769378087526994944e+07 9.332543007969905436e+07
2.912230863378098715e-23 2.000000000000000077e-27 5.903764166784522682e+07 9.549925860214368999e+07
2.925673110285714016e-23 2.000000000000000077e-27 6.041280499948824197e+07 9.772372209558111429e+07
2.939177403785949572e-23 2.000000000000000077e-27 6.182000000000000000e+07 1.000000000000000000e+08
2.954279632068039797e-23 2.000000000000000077e-27 6.325997278279618919e+07 1.023292992280753702e+08
2.981615244942219068e-23 2.000000000000000077e-27 6.473348684050653875e+07 1.047128548050898463e+08
3.009203791128184069e-23 2.000000000000000077e-27 6.624132344978899509e+07 1.071519305237609148e+08
3.037047610989004466e-23 2.000000000000000077e-27 6.778428208557155728e+07 1.096478196143182814e+08
3.065149066542961936e-23 2.000000000000000077e-27 6.936318084494748712e+07 1.122018454301965237e+08
3.093510541663749202e-23 2.000000000000000077e-27 7.097885688093736768e+07 1.148153621496884078e+08
3.122134442282795530e-23 2.000000000000000077e-27 7.263216684636175632e+07 1.174897554939530343e+08
3.151023196593314915e-23 2.000000000000000077e-27 7.432398734804847836e+07 1.202264434617413133e+08
3.180179255256392578e-23 2.000000000000000077e-27 7.605521541162139177e+07 1.230268770812381059e+08
3.209605091608724792e-23 2.000000000000000077e-27 7.782676895711566508e+07 1.258925411794171333e+08
3.237619447986115508e-23 2.000000000000000077e-27 7.963958728566943109e+07 1.288249551693132222e+08
3.252563620359264391e-23 2.000000000000000077e-27 8.149463157755726576e+07 1.318256738556410074e+08
3.267576771897972134e-23 2.000000000000000077e-27 8.339288540181583166e+07 1.348962882591650486e+08
3.282659220995600051e-23 2.000000000000000077e-27 8.533535523775045574e+07 1.380384264602886736e+08
3.297811287515174207e-23 2.000000000000000077e-27 8.732307100857873261e+07 1.412537544622755349e+08
3.314756266348760656e-23 2.000000000000000077e-27 8.935708662751325965e+07 1.445439770745927989e+08
3.345427328453244317e-23 2.000000000000000077e-27 9.143848055655856431e+07 1.479108388168207109e+08
3.376382186401259409e-23 2.000000000000000077e-27 9.356835637832632661e+07 1.513561248436207175e+08
3.407623466123387308e-23 2.000000000000000077e-27 9.574784338116987050e+07 1.548816618912485838e+08
3.439153817847645879e-23 2.000000000000000077e-27 9.797809715794587135e+07 1.584893192461110950e+08
3.470975916324395055e-23 2.000000000000000077e-27 1.002603002187292427e+08 1.621810097358933091e+08
3.503092461053042083e-23 2.000000000000000077e-27 1.025956626177897304e+08 1.659586907437556386e+08
3.535506176511268804e-23 2.000000000000000077e-27 1.049854225951851308e+08 1.698243652461746037e+08
3.568219812385923427e-23 2.000000000000000077e-27 1.074308472332864404e+08 1.737800828749376237e+08
3.601236143806509560e-23 2.000000000000000077e-27 1.099332331286062002e+08 1.778279410038922727e+08
3.634557971580400867e-23 2.000000000000000077e-27 1.124939070792691112e+08 1.819700858609982431e+08
3.668188122430520737e-23 2.000000000000000077e-27 1.151142267884983420e+08 1.862087136662865579e+08
3.702129449235228350e-23 2.000000000000000077e-27 1.177955815844882429e+08 1.905460717963252068e+08
3.736384831270121398e-23 2.000000000000000077e-27 1.205393931570421159e+08 1.949844599758041501e+08
3.770957174452527152e-23 2.000000000000000077e-27 1.233471163113763332e+08 1.995262314968882799e+08
3.805849411587803791e-23 2.000000000000000077e-27 1.262202397394704372e+08 2.041737944669531584e+08
3.841064502618254273e-23 2.000000000000000077e-27 1.291602868093968034e+08 2.089296130854040980e+08
3.876605434874157268e-23 2.000000000000000077e-27 1.321688163730279952e+08 2.137962089502232373e+08
3.912475223327315408e-23 2.000000000000000077e-27 1.352474235925613046e+08 2.187761623949551880e+08
3.948676910846625984e-23 2.000000000000000077e-27 1.383977407862952054e+08 2.238721138568346798e+08
3.985213568456335876e-23 2.000000000000000077e-27 1.416214382941035330e+08 2.290867652767769992e+08
4.022088295596498777e-23 2.000000000000000077e-27 1.449202253630779088e+08 2.344228815319927633e+08
4.059304220386031431e-23 2.000000000000000077e-27 1.482958510537845492e+08 2.398832919019485116e+08
4.096864499887880474e-23 2.000000000000000077e-27 1.517501051676487625e+08 2.454708915685033500e+08
4.134772320376934644e-23 2.000000000000000077e-27 1.552848191959223449e+08 2.511886431509582102e+08
4.173030897610423154e-23 2.000000000000000077e-27 1.589018672907712162e+08 2.570395782768864632e+08
4.211643477100475220e-23 2.000000000000000077e-27 1.626031672589724660e+08 2.630267991895381510e+08
4.250613334389710006e-23 2.000000000000000077e-27 1.663906815787617862e+08 2.691534803926913738e+08
4.289943775328866648e-23 2.000000000000000077e-27 1.702664184403659701e+08 2.754228703338174820e+08
4.329638136357344204e-23 2.000000000000000077e-27 1.742324328107682467e+08 2.818382931264449358e+08
4.369699784786340043e-23 2.000000000000000077e-27 1.782908275232871175e+08 2.884031503126611710e+08
4.410132119084258109e-23 2.000000000000000077e-27 1.824437543925154805e+08 2.951209226666377783e+08
4.450938569165285142e-23 2.000000000000000077e-27 1.866934153552528024e+08 3.019951720402019024e+08
4.492122596680069276e-23 2.000000000000000077e-27 1.910420636379902661e+08 3.090295432513592243e+08
4.533687695309663564e-23 2.000000000000000077e-27 1.954920049516092241e+08 3.162277660168379545e+08
4.575637391061644175e-23 2.000000000000000077e-27 2.000455987138960660e+08 3.235936569296280742e+08
4.617975242569331306e-23 2.000000000000000077e-27 2.047052593005376160e+08 3.311311214825907946e+08
4.660704841393788959e-23 2.000000000000000077e-27 2.094734573252555430e+08 3.388441561392034292e+08
4.703829812328233313e-23 2.000000000000000077e-27 2.143527209497546554e+08 3.467368504525309801e+08
4.747353813705832389e-23 2.000000000000000077e-27 2.193456372241967022e+08 3.548133892335760593e+08
4.791280537709780893e-23 2.000000000000000077e-27 2.244548534588769078e+08 3.630780547701017857e+08
4.835613710686620004e-23 2.000000000000000077e-27 2.296830786278721988e+08 3.715352290971727967e+08
4.880357093462471215e-23 2.000000000000000077e-27 2.350330848053709567e+08 3.801893963205612302e+08
4.925514481661792787e-23 2.000000000000000077e-27 2.405077086354641616e+08 3.890451449942804575e+08
4.971089706029684431e-23 2.000000000000000077e-27 2.461098528361727893e+08 3.981071705534985662e+08
5.017086632756571186e-23 2.000000000000000077e-27 2.518424877385021448e+08 4.073802778041121960e+08
5.063509163806298005e-23 2.000000000000000077e-27 2.577086528613619506e+08 4.168693834703363776e+08
5.110361237247260631e-23 2.000000000000000077e-27 2.637114585231439769e+08 4.265795188015916944e+08
5.157646827586229536e-23 2.000000000000000077e-27 2.698540874908709526e+08 4.365158322401665449e+08
5.205369946105630993e-23 2.000000000000000077e-27 2.761397966677256227e+08 4.466835921509634852e+08
5.253534641203959654e-23 2.000000000000000077e-27 2.825719188199158311e+08 4.570881896148751974e+08
5.302144998738908298e-23 2.000000000000000077e-27 2.891538643437458873e+08 4.677351412871981263e+08
5.351205142374317917e-23 2.000000000000000077e-27 2.958891230738548040e+08 4.786300923226380348e+08
5.400719233929690988e-23 2.000000000000000077e-27 3.027812661335743070e+08 4.897788193684476614e+08
5.450691473733372858e-23 2.000000000000000077e-27 3.098339478283792138e+08 5.011872336272714734e+08
5.501328893528883662e-23 2.000000000000000077e-27 3.170509075834623575e+08 5.128613839913658500e+08
5.554443360126512893e-23 2.000000000000000077e-27 3.244359719264085889e+08 5.248074602497712374e+08
5.608795021584614617e-23 2.000000000000000077e-27 3.319930565160905123e+08 5.370317963702532053e+08
5.664412695873497234e-23 2.000000000000000077e-27 3.397261682187836170e+08 5.495408738576247692e+08
5.721325872220264691e-23 2.000000000000000077e-27 3.476394072326738238e+08 5.623413251903491020e+08
5.779564726744350135e-23 2.000000000000000077e-27 3.557369692618302107e+08 5.754399373371566534e+08
5.839160138457305878e-23 2.000000000000000077e-27 3.640231477408247590e+08 5.888436553555884361e+08
5.900143705635269744e-23 2.000000000000000077e-27 3.725023361111689210e+08 6.025595860743592978e+08
5.962547762572740620e-23 2.000000000000000077e-27 3.811790301507675052e+08 6.165950018614809513e+08
6.026405396726766246e-23 2.000000000000000077e-27 3.900578303576561213e+08 6.309573444801943302e+08
6.091750466260197232e-23 2.000000000000000077e-27 3.991434443892244697e+08 6.456542290346562862e+08
6.158617617993856766e-23 2.000000000000000077e-27 4.084406895582961440e+08 6.606934480075964928e+08
6.227042305776683200e-23 2.000000000000000077e-27 4.179544953873231411e+08 6.760829753919818401e+08
6.297060809283848973e-23 2.000000000000000077e-27 4.276899062220863700e+08 6.918309709189362526e+08
6.368710253252730014e-23 2.000000000000000077e-27 4.376520839062755108e+08 7.079457843841402531e+08
6.442028627166871334e-23 2.000000000000000077e-27 4.478463105183582306e+08 7.244359600749890804e+08
6.517054805398659892e-23 2.000000000000000077e-27 4.582779911722282171e+08 7.413102413009191751e+08
6.593828567820828101e-23 2.000000000000000077e-27 4.689526568830403090e+08 7.585775750291820765e+08
6.672390620898488857e-23 2.000000000000000077e-27 4.798759674998578429e+08 7.762471166286927462e+08
6.752782619272032305e-23 2.000000000000000077e-27 4.910537147065511942e+08 7.943282347242821455e+08
6.835047187843125979e-23 2.000000000000000077e-27 5.024918250926462412e+08 8.128305161640994549e+08
6.919227944374925525e-23 2.000000000000000077e-27 5.141963632956711054e+08 8.317637711026709080e+08
7.005369522618808157e-23 2.000000000000000077e-27 5.261735352167087793e+08 8.511380382023758888e+08
7.093517595979794041e-23 2.000000000000000077e-27 5.384296913108506203e+08 8.709635899560831785e+08
7.183718901733108770e-23 2.000000000000000077e-27 5.509713299542806149e+08 8.912509381337441206e+08
7.276021265805080700e-23 2.000000000000000077e-27 5.638051008898245096e+08 9.120108393559114933e+08
7.370473628130842789e-23 2.000000000000000077e-27 5.769378087526983023e+08 9.332543007969886065e+08
7.467126068603194066e-23 2.000000000000000077e-27 5.903764166784522533e+08 9.549925860214369297e+08
7.566029833625365443e-23 2.000000000000000077e-27 6.041280499948824644e+08 9.772372209558111429e+08
7.667237363282735032e-23 2.000000000000000077e-27 6.182000000000000000e+08 1.000000000000000000e+09
